;Exported by: Normand
;Date:        Wed Sep 19 20:44:25 2018
;File:        C:\Users\Normand\wc51_xx.max
{Skeleton
	{bone "basis"
		{parameters "SteerMax=30;WheelRadius=0.3;"}
		{Orientation
			1	0	0
			0	-1	0
			0	0	1
		}
		{bone "pivot_front"
			{Matrix34
				1	0	0
				0	0.99999	-0.00447319
				0	0.00447319	0.99999
				28.056	-1.76023	5.47814
			}
			{VolumeView "pivot_front.ply"}
			{bone revolute "steerl"
				{Matrix34
					-1	0	0
					0	0.99999	0.00447311
					0	-0.00447311	0.99999
					1.3405	16.703	-0.498133
				}
				{bone revolute "wheell1"
					{Matrix34
						1	0	0
						0	0	1
						0	1	0
						0.00431442	1.38834	0.00556421
					}
					{VolumeView "wheell1.ply"}
				}
			}
			{bone revolute "steerr"
				{Matrix34
					-1	0	0
					0	0.99999	0.00447311
					0	-0.00447311	0.99999
					1.34051	-12.9285	-0.630682
				}
				{bone revolute "wheelr1"
					{Matrix34
						1	0	0
						0	0	1
						0	1	0
						0.00432205	-1.36737	0.00556231
					}
					{VolumeView "wheelr1.ply"}
				}
			}
		}
		{bone "pivot_back"
			{Matrix34
				-1	0	0
				0	0.99999	-0.00447319
				0	0.00447319	0.99999
				-17.6294	2.16046	5.47814
			}
			{VolumeView "pivot_back.ply"}
			{bone revolute "wheell2"
				{Matrix34
					1	0	0
					0	-0.00447318	0.99999
					0	0.99999	0.00447318
					1.27015	14.1706	-0.503897
				}
				{VolumeView "wheell1.ply"}
			}
			{bone revolute "wheelr2"
				{Matrix34
					1	0	0
					0	-0.00447318	0.99999
					0	0.99999	0.00447318
					1.27015	-18.2165	-0.648776
				}
				{VolumeView "wheelr1.ply"}
			}
		}
		{bone "body"
			{parameters "ID=body;"}
			{Matrix34
				0.999103	0.00225179	-0.0422875
				0	0.998585	0.0531742
				0.0423474	-0.0531265	0.997689
				0.876928	0.0803979	17.4948
			}
			{VolumeView "body.ply"}
			{bone "part1"
				{parameters "ID=body;"}
				{Position -16.119104	0.0127442	14.4696}
				{VolumeView "stand.ply"}
			}
			{bone "back_door"
				{Matrix34
					-0.984808	0	0.173648
					0	1	0
					-0.173648	0	-0.984808
					-38.9131	-0.000182509	-8.65024
				}
				{VolumeView "back_door.ply"}
			}
			{bone "detail1"
				{Position -40.507	-16.0251	0.2796}
				{VolumeView "detail1.ply"}
			}
			{bone "engine"
				{parameters "ID=engine;"}
				{Position 21.1703	-2.04592	-7.71281}
				{VolumeView "engine.ply"}
			}
			{bone revolute "steerrudder"
				{Matrix34
					0.660367	0	0.750943
					0	1	0
					-0.750943	0	0.660367
					9.2098	6.16205	3.50537
				}
				{VolumeView "steerrudder.ply"}
			}
			{bone "engine_cover1"
				{Matrix34
					1	0	0
					0	0.987688	-0.156435
					0	0.156434	0.987688
					26.7006	-0.0304329	2.79499
				}
				{VolumeView "engine_cover1.ply"}
			}
			{bone "engine_cover2"
				{Position 26.7006	-0.0598378	2.79498}
				{VolumeView "engine_cover2.ply"}
			}
			{bone "frame"
				{Matrix34
					-0.069379	0	-0.99759
					0	1	0
					0.99759	0	-0.069379
					16.3092	0	2.62494
				}
				{VolumeView "frame.ply"}
			}
			{bone "fxfire1"
				{Matrix34
					-1	0	0
					0	-1	0
					0	0	1
					25.4062	-2.86313	0.337503
				}
			}
		}
	}
}
{Volume "body"
	{Box 72.6805 20.2271 2.57124}
	{Bone "body"}
	{Position -0.354439	-0.184431	-9.98386}
}
{Volume "bodyback"
	{Box 38.3264 41.3681 8}
	{Bone "body"}
	{Position -20.1566	0.126738	-4.44906}
}
{Volume "engine"
	{Polyhedron "engine.vol"}
	{Bone "engine"}
	{Position 5.99603	1.95759	-0.740603}
}
{Volume "part1"
	{Box 4.5 4.5 1}
	{Bone "part1"}
	{Position -0.879516	-0.0823587	0.489777}
}
{Volume "wheelleft1"
	{Cylinder 5 4.7}
	{Bone "wheell1"}
	{Matrix34
		-1	0	0
		0	1	0
		0	0	-1
		-0.0596136	0.0521086	0.0794187
	}
}
{Volume "wheelleft2"
	{Cylinder 5 4.7}
	{Bone "wheell2"}
	{Matrix34
		-1	0	0
		0	1	0
		0	0	-1
		-0.0465813	0.052108	0.0794225
	}
}
{Volume "wheelright1"
	{Cylinder 5 4.7}
	{Bone "wheelr1"}
	{Matrix34
		-1	0	0
		0	1	0
		0	0	-1
		-0.09308	0.052109	-0.0308995
	}
}
{Volume "wheelright2"
	{Cylinder 5 4.7}
	{Bone "wheelr2"}
	{Matrix34
		-1	0	0
		0	1	0
		0	0	-1
		-0.0465828	0.0521118	-0.0309005
	}
}
