;Exported by: IROKEZ
;Date:        Sun Apr 06 15:45:33 2014
;File:        F:\My Job\DMS\Models\kv1\KV-1_1942_xx.max
{Skeleton
	{bone "basis"
		{Orientation
			1	0	0
			0	-1	0
			0	0	1
		}
		{Extension "/properties/damage_components.ext"}
		{bone "body"
			{parameters "ID=body;"}
			{Matrix34
				0.999258	-0.000750938	-0.0385024
				0	0.99981	-0.0195055
				0.0385098	0.0194911	0.999068
				-3.0215	0	20.7653
			}
			{bone revolute "turret"
				{parameters "ID=turret;"}
				{Matrix34
					0.974222	-0.224951	-0.0170051
					0.224756	0.974333	-0.0126512
					0.0194146	0.00850311	0.999776
					17.7012	0.852145	12.2141
				}
				{VolumeView "turret_40.ply"}
				{bone "enumerator"
					{Matrix34
						1	0	0
						0	0.999754	-0.0222002
						0	0.0222002	0.999754
						-15.5531	-0.16644	10.3636
					}
					{VolumeView "enumerator_40.ply"}
				}
				{bone revolute "gun_rot"
					{parameters "ID=gun;"}
					{Matrix34
						1	0	0
						0	0	1
						0	-1	0
						16.8223	0.470656	9.46903
					}
					{VolumeView "gun_rot_40.ply"}
					{bone "gun"
						{parameters "ID=gun;"}
						{Matrix34
							1	0	0
							0	0	-1
							0	1	0
							8.10662	-1.58052	0.319873
						}
						{VolumeView "gun_40.ply"}
					}
				}
				{bone "cover"
					{parameters "ID=turret;"}
					{Position -6.95111	-0.20928	16.5886}
					{VolumeView "cover_40.ply"}
				}
				{bone revolute "mgun2_turret"
					{parameters "ID=turret;"}
					{Matrix34
						-1	0	0
						0	-1	0
						0	0	1
						-31.7605	-0.207209	11.1954
					}
					{VolumeView "mgun2_turret_40.ply"}
					{bone revolute "mgun2"
						{parameters "ID=turret;"}
						{Matrix34
							1	0	0
							0	0	1
							0	-1	0
							0.0265789	0.0419769	0.00325775
						}
						{VolumeView "mgun2_40.ply"}
					}
				}
			}
			{bone "body_40"
				{parameters "ID=body;"}
				{Position 0.7	-0.6	-0.2}
				{VolumeView "body_40.ply"}
				{bone "de"
					{parameters "ID=body;"}
					{VolumeView "de.ply"}
				}
			}
			{bone "engine"
				{parameters "ID=engine;"}
				{Position -47.993	-0.138203	7.5949}
				{VolumeView "engine_40.ply"}
				{bone "engine_coner1_40"
					{parameters "ID=engine;"}
					{Matrix34
						-0.238311	0	0.971189
						0	1	0
						-0.971189	0	-0.238311
						-1.24126	-8.82381	8.12685
					}
					{VolumeView "engine_coner1_40.ply"}
				}
				{bone "engine_coner2_40"
					{parameters "ID=engine;"}
					{Matrix34
						-0.0105999	0	0.999944
						0	1	0
						-0.999944	0	-0.0105999
						-0.129139	9.27292	8.33921
					}
					{VolumeView "engine_coner2_40.ply"}
				}
			}
			{bone revolute "mgun_rot5"
				{parameters "ID=body;"}
				{limits -15 15}
				{Matrix34
					-0.984808	0	-0.173648
					0	-1	0
					-0.173648	0	0.984808
					53.5209	10.3435	5.78039
				}
				{VolumeView "mgun_rot5.ply"}
				{bone revolute "mgun3"
					{limits -15 15}
					{Matrix34
						-0.984808	0	-0.173648
						-0.173648	0	0.984808
						0	1	0
						-0.661476	-0.0244989	-0.511396
					}
					{VolumeView "mgun3.ply"}
				}
			}
			{bone revolute "wheelr11"
				{parameters "ID=trackleft;"}
				{Matrix34
					1	0	0
					0	0	-1
					0	-1	0
					-35.1849	-26.3212	-1.60584
				}
				{VolumeView "wheelr11.ply"}
			}
			{bone revolute "wheelr8"
				{parameters "ID=trackRight;Radius=0.52;"}
				{Matrix34
					1	0	0
					0	0	-1
					0	-1	0
					-52.2013	-26.2453	-6.60737
				}
				{VolumeView "wheelr8.ply"}
			}
			{bone revolute "wheell1"
				{parameters "ID=trackleft;Radius=0.42;"}
				{Matrix34
					0.980033	-0.170501	-0.102301
					-0.103481	0.00197191	-0.99463
					0.169788	0.985355	-0.0157106
					62.8057	25.7286	-5.17964
				}
				{VolumeView "wheell1.ply"}
			}
			{bone revolute "wheell11"
				{parameters "ID=trackleft;Radius=0.32;"}
				{Matrix34
					1	0	0
					0	0	-1
					0	1	0
					-35.1849	26.3213	-1.60584
				}
				{VolumeView "wheell11.ply"}
			}
			{bone revolute "wheell8"
				{parameters "ID=trackleft;Radius=0.52;"}
				{Matrix34
					0.999897	-0.013864	-0.00383217
					-0.0040222	-0.0137038	-0.999898
					0.0138101	0.99981	-0.0137581
					-52.2013	26.2453	-6.60737
				}
				{VolumeView "wheell8.ply"}
			}
			{bone revolute "wheelr1"
				{parameters "ID=trackRight;Radius=0.44;"}
				{Matrix34
					1	0	0
					0	0	-1
					0	-1	0
					62.8057	-25.7286	-5.17964
				}
				{VolumeView "wheelr1.ply"}
			}
		}
		{bone "wheelsl"
			{parameters "ID=trackleft;"}
			{Matrix34
				1	0	0
				0	0	-1
				0	1	0
				0.289567	0	15.6939
			}
			{VolumeView "wheelsl.ply"}
			{bone revolute "wheell3"
				{parameters "ID=trackleft;Radius=0.42;"}
				{Matrix34
					1	0	0
					0	1	0
					0	0	1
					27.2164	9.46676	26.2564
				}
				{VolumeView "wheell3.ply"}
			}
			{bone revolute "wheell6"
				{parameters "ID=trackleft;Radius=0.42;"}
				{Matrix34
					1	0	0
					0	1	0
					0	0	1
					-26.2302	9.46676	26.2565
				}
				{VolumeView "wheell6.ply"}
			}
			{bone "trackl"
				{parameters "ID=trackleft;"}
				{Matrix34
					-1	0	0
					0	-1	0
					0	0	1
					-4.03305	-1.34165	26.195
				}
				{VolumeView "trackl.ply"}
			}
		}
		{bone "wheelsr"
			{parameters "ID=trackright;"}
			{Matrix34
				1	0	0
				0	0	-1
				0	-1	0
				0.235233	0	15.7045
			}
			{VolumeView "wheelsr.ply"}
			{bone "trackr"
				{parameters "ID=trackright;"}
				{Matrix34
					-1	0	0
					0	-1	0
					0	0	1
					-4.03514	-1.34206	26.2685
				}
				{VolumeView "trackr.ply"}
			}
		}
	}
}
{Volume "body1"
	{Polyhedron "body1.vol"}
	{Bone "body"}
	{Position 22.4928	0.0202666	6.04423}
}
{Volume "body2"
	{Polyhedron "body2.vol"}
	{Bone "body"}
	{Position 14.2078	0.00566268	-6.08071}
}
{Volume "body3"
	{Polyhedron "body3.vol"}
	{Bone "body"}
	{Position 14.2078	0.00566301	-13.6015}
}
{Volume "engine2"
	{Polyhedron "engine2.vol"}
	{Bone "engine"}
	{Position 53.39454	-8.464817	-18.243}
}
{Volume "engine"
	{Polyhedron "engine.vol"}
	{Bone "engine"}
	{Position 35.4252	-8.464817	-5.6631}
}
{Volume "gun"
	{Cylinder 1.35 35}
	{Bone "gun"}
	{Matrix34
		0	-1	0
		0	0	1
		-1	0	0
		6.97429	0.0156202	-0.0390175
	}
}
{Volume "mantlet"
	{Polyhedron "mantlet_40.vol"}
	{Bone "gun_rot"}
	{Matrix34
		1	0	0
		0	0	-1
		0	1	0
		7.58181	-3.95441	0.319049
	}
}
{Volume "trackleft"
	{Polyhedron "trackleft.vol"}
	{Bone "wheelsl"}
	{Matrix34
		1	0	0
		0	1	0
		0	0	1
		-6.26051	3.66984	20.2475
	}
}
{Volume "trackright"
	{Polyhedron "trackright.vol"}
	{Bone "wheelsr"}
	{Matrix34
		1	0	0
		0	0	-1
		0	-1	0
		-6.20613	3.60203	20.1634
	}
}
{Volume "turret2"
	{Polyhedron "turret2.vol"}
	{Bone "turret"}
	{Matrix34
		0.962109	0	0.272665
		0	1	0
		-0.272665	0	0.962109
		20.9617	-0.383894	4.71912
	}
}
{Volume "turret"
	{Polyhedron "turret.vol"}
	{Bone "turret"}
	{Position -6.63181	-0.276519	0.458073}
}
