;Exported by: garry
;Date:        Thu Apr 27 15:32:31 2006
;File:        D:\-Projects-\-3DWork-\Model\Танки\T70\hi-poly\T-70\T-70_xx.max
{Skeleton
	{bone "basis"
		{Orientation
			1	0	0
			0	-1	0
			0	0	1
		}
		{Extension "/properties/damage_components.ext"}
		{bone "body"
			{parameters "ID=body;"}
			{Matrix34
				1	0	0
				0	0	1
				0	-1	0
				0.434804	0.611892	17.2204
			}
			{LODView
				{VolumeView "body.ply"}
				{VolumeView "body_lod1.ply"}
			}
			{bone "part2"
				{parameters "ID=body;"}
				{Matrix34
					0.984808	0	0.173648
					0	1	0
					-0.173647	0	0.984808
					-33.7817	7.67016	8.43007
				}
				{VolumeView "part2.ply"}
			}
			{bone revolute "part1"
				{Matrix34
					1	0	0
					0	-1	0
					0	0	-1
					11.7399	-11.4303	-17.8822
				}
				{VolumeView "part1.ply"}
			}
			{bone revolute "part4"
				{Matrix34
					1	0	0
					0	-1	0
					0	0	-1
					0.377204	-11.4303	21.2103
				}
				{VolumeView "part4.ply"}
			}
			{bone revolute "part5"
				{Matrix34
					1	0	0
					0	-1	0
					0	0	-1
					-10.793	-11.4303	21.2103
				}
				{VolumeView "part5.ply"}
			}
			{bone "turret_base"
				{parameters "ID=body;"}
				{Matrix34
					1	0	0
					0	0	-1
					0	1	0
					-2.39621	9.59739	-4.1396
				}
				{VolumeView "turret_base.ply"}
				{bone revolute "turret"
					{parameters "ID=turret;"}
					{Position 0.937111	-0.0609913	8.33092}
					{VolumeView "turret_80.ply"}
					{bone revolute "gun_rot"
						{parameters "ID=gun;"}
						{limits -8 65}
						{Matrix34
							1	0	0
							0	0	1
							0	-1	0
							8.76548	0.177817	-1.63338
						}
						{VolumeView "gun_rot_80.ply"}
						{bone "gun"
							{parameters "ID=gun;"}
							{Matrix34
								1	0	0
								0	0	-1
								0	1	0
								17.7356	0.904411	0.278988
							}
							{VolumeView "gun_80.ply"}
						}
					}
					{bone "hatch"
						{parameters "ID=turret;"}
						{Matrix34
							1	0	0
							0	0	1
							0	-1	0
							-1.44184	-6.69913	6.52237
						}
						{VolumeView "hatch_80.ply"}
					}
				}
			}
		}
	}
}
{Volume "body1"
	{Box 35.2057 9.30965 7.41233}
	{Bone "body"}
	{Matrix34
		1	0	0
		0	-0.422618	-0.906308
		0	0.906308	-0.422618
		-2.07773	8.86387	14.4868
	}
}
{Volume "body"
	{Polyhedron "body.vol"}
	{Bone "body"}
	{Matrix34
		1	0	0
		0	0	-1
		0	1	0
		-2.50444	-11.9263	0.55632
	}
}
{Volume "gun"
	{Cylinder 1.18359 23}
	{Bone "gun"}
	{Matrix34
		0	-1	0
		0	0	1
		-1	0	0
		-1.70189	-0.020554	0.0139089
	}
}
{Volume "mantlet"
	{Polyhedron "mantlet_80.vol"}
	{Bone "turret"}
	{Matrix34
		0.684503	0	0.72901
		0	1	0
		-0.72901	0	0.684503
		15.6726	0.135813	-1.26603
	}
}
{Volume "part1"
	{Polyhedron "part1.vol"}
	{Bone "part1"}
	{Position 0	0	1.03029}
}
{Volume "part2"
	{Polyhedron "part2.vol"}
	{Bone "part2"}
	{Matrix34
		0.90272	0.429747	-0.0203494
		-0.429914	0.902859	-0.0044028
		0.0164834	0.012724	0.999783
		0	0	0
	}
}
{Volume "part4"
	{Polyhedron "part4.vol"}
	{Bone "part4"}
	{Position 0	0	1.03028}
}
{Volume "part5"
	{Polyhedron "part5.vol"}
	{Bone "part5"}
	{Position 0	0	1.03028}
}
{Volume "turret"
	{Polyhedron "turret_80.vol"}
	{Bone "turret"}
	{Position -4.67	0.27748	-5.23779}
}
