;Exported by: IROKEZ
;Date:        Sun Apr 27 19:57:53 2014
;File:        F:\My Job\DMS\Models\kv85\KV-85.max
{Skeleton
	{bone revolute "basis"
		{parameters "WheelRadius=0.30;"}
		{limits 0 0}
		{Orientation
			1	0	0
			0	-1	0
			0	0	1
		}
		{Extension "/properties/damage_components.ext"}
		{bone "wheelsl"
			{parameters "ID=trackleft;"}
			{Matrix34
				1	0	0
				0	0	-1
				0	1	0
				0.289567	0	15.6939
			}
			{VolumeView "wheelsl.ply"}
			{bone revolute "wheell2"
				{parameters "ID=trackleft;Radius=0.42;"}
				{Matrix34
					1	0	0
					0	1	0
					0	0	1
					45.443	9.46676	26.2564
				}
				{VolumeView "wheell2.ply"}
			}
			{bone revolute "wheell3"
				{parameters "ID=trackleft;Radius=0.42;"}
				{Matrix34
					1	0	0
					0	1	0
					0	0	1
					27.2164	9.46676	26.2564
				}
				{VolumeView "wheell3.ply"}
			}
			{bone revolute "wheell4"
				{parameters "ID=trackleft;Radius=0.42;"}
				{Matrix34
					1	0	0
					0	1	0
					0	0	1
					8.2181	9.46676	26.2565
				}
				{VolumeView "wheell4.ply"}
			}
			{bone revolute "wheell5"
				{parameters "ID=trackleft;Radius=0.42;"}
				{Matrix34
					1	0	0
					0	1	0
					0	0	1
					-9.33374	9.46676	26.2565
				}
				{VolumeView "wheell5.ply"}
			}
			{bone revolute "wheell6"
				{parameters "ID=trackleft;Radius=0.42;"}
				{Matrix34
					1	0	0
					0	1	0
					0	0	1
					-26.2302	9.46676	26.2565
				}
				{VolumeView "wheell6.ply"}
			}
			{bone revolute "wheell7"
				{parameters "ID=trackleft;Radius=0.42;"}
				{Matrix34
					1	0	0
					0	1	0
					0	0	1
					-41.2071	9.46676	26.2565
				}
				{VolumeView "wheell7.ply"}
			}
			{bone "trackl"
				{parameters "ID=trackleft;"}
				{Matrix34
					-1	0	0
					0	-1	0
					0	0	1
					-3.73537	-0.654363	26.2008
				}
			}
		}
		{bone "wheelsr"
			{parameters "ID=trackright;"}
			{Matrix34
				1	0	0
				0	0	-1
				0	-1	0
				0.235233	0	15.7045
			}
			{VolumeView "wheelsr.ply"}
			{bone revolute "wheelr2"
				{parameters "ID=trackRight;Radius=0.42;"}
				{Matrix34
					1	0	0
					0	1	0
					0	0	1
					45.4974	9.47739	26.2563
				}
				{VolumeView "wheelr2.ply"}
			}
			{bone revolute "wheelr3"
				{parameters "ID=trackRight;Radius=0.42;"}
				{Matrix34
					1	0	0
					0	1	0
					0	0	1
					27.2707	9.47739	26.2564
				}
				{VolumeView "wheelr3.ply"}
			}
			{bone revolute "wheelr4"
				{parameters "ID=trackRight;Radius=0.42;"}
				{Matrix34
					1	0	0
					0	1	0
					0	0	1
					8.27247	9.47739	26.2565
				}
				{VolumeView "wheelr4.ply"}
			}
			{bone revolute "wheelr5"
				{parameters "ID=trackRight;Radius=0.42;"}
				{Matrix34
					1	0	0
					0	1	0
					0	0	1
					-9.27936	9.47739	26.2565
				}
				{VolumeView "wheelr5.ply"}
			}
			{bone revolute "wheelr6"
				{parameters "ID=trackRight;Radius=0.42;"}
				{Matrix34
					1	0	0
					0	1	0
					0	0	1
					-26.1758	9.47739	26.2565
				}
				{VolumeView "wheelr6.ply"}
			}
			{bone revolute "wheelr7"
				{parameters "ID=trackRight;Radius=0.42;"}
				{Matrix34
					1	0	0
					0	1	0
					0	0	1
					-41.1528	9.47739	26.2566
				}
				{VolumeView "wheelr7.ply"}
			}
			{bone "trackr"
				{parameters "ID=trackright;"}
				{Matrix34
					-1	0	0
					0	-1	0
					0	0	-1
					-3.68099	-0.643738	26.2008
				}
			}
		}
		{bone "body"
			{parameters "ID=body;"}
			{Position -3.0215	0	20.7653}
			{bone "body_s"
				{parameters "ID=body;"}
				{Position 2.59933	0.032243	0.04105}
				{VolumeView "body_s.ply"}
				{bone "fxfire3"
					{Matrix34
						1	0	0
						0	0	1
						0	-1	0
						11.7285	10.0242	9.40057
					}
				}
			}
			{bone "hull"
				{parameters "ID=body;"}
				{Position 20.1442	-0.107162	-2.15382}
				{VolumeView "hull.ply"}
				{bone "door_commander"
					{parameters "ID=body;"}
					{Matrix34
						7.51062e-005	0.00965329	0.999953
						-0.541544	-0.840633	0.00815592
						0.840672	-0.54152	0.00516455
						9.73668	1.61813	25.8846
					}
					{VolumeView "door_commander.ply"}
				}
				{bone "door_gunner"
					{parameters "ID=body;"}
					{Matrix34
						-0.116513	-0.901485	0.416833
						0.0507272	0.413742	0.90898
						-0.991893	0.127052	-0.00247637
						12.3083	-5.14682	25.8846
					}
					{VolumeView "door_gunner.ply"}
				}
				{bone "hutch1"
					{parameters "ID=body;"}
					{Matrix34
						-0.917115	0	-0.398622
						0.39862	-0.00328452	-0.91711
						-0.00130833	-0.999995	0.0030127
						-10.4139	6.95629	25.8872
					}
					{VolumeView "hutch1.ply"}
				}
				{bone "hutch2"
					{parameters "ID=body;"}
					{Matrix34
						-0.564583	-0.00100304	0.825376
						-0.825298	-0.0130862	-0.564545
						0.0113673	-0.999914	0.00656043
						-23.4534	7.71007	18.3871
					}
					{VolumeView "hutch2.ply"}
				}
				{bone "enumerator"
					{parameters "ID=enumerator;"}
					{Matrix34
						0.90395	0.425308	-0.0445812
						-0.248118	0.606527	0.755356
						0.348299	-0.671743	0.653796
						13.8822	-23.9979	19.1045
					}
					{VolumeView "enumerator.ply"}
				}
				{bone revolute "turret"
					{limits -6 6}
					{Matrix34
						1	0	0
						0	1	1.5503e-005
						0	-1.5503e-005	1
						36.0867	-3.44949	15.3599
					}
					{bone revolute "gun_rot"
						{parameters "ID=gun;"}
						{limits -5 18}
						{Matrix34
							0.98586	-0.119383	-0.117595
							0.116837	-0.013346	0.993061
							-0.120124	-0.992759	0.000791105
							0.141964	0.0822251	1.3322
						}
						{VolumeView "gun_rot.ply"}
						{bone "gun"
							{parameters "ID=gun;"}
							{Position -18.0147	-0.823193	-0.432411}
							{VolumeView "gun.ply"}
							{bone "visor1"
								{Matrix34
									-2.0509e-005	-0.009828	0.999952
									1	0	2.0442e-005
									0	0.999952	0.00982805
									38.5183	3.63135	0.41608
								}
							}
						}
					}
				}
			}
			{bone "body_part"
				{parameters "ID=body;"}
				{Position -37.1321	22.1008	11.3678}
				{VolumeView "body_part.ply"}
			}
			{bone "hutch"
				{parameters "ID=body;"}
				{Position -6.73588	0.131966	11.2819}
				{VolumeView "hutch.ply"}
			}
			{bone "engine"
				{parameters "ID=engine;"}
				{Position 2.59422	0.0106405	-0.529816}
				{VolumeView "engine.ply"}
				{bone "en2"
					{parameters "ID=engine;"}
					{Matrix34
						0.173648	0	0.984808
						0	1	0
						-0.984808	0	0.173648
						-51.4955	-8.44975	9.56326
					}
					{VolumeView "en2.ply"}
				}
				{bone "en3"
					{parameters "ID=engine;"}
					{Matrix34
						-0.34202	0	0.939693
						0	1	0
						-0.939693	0	-0.34202
						-51.4955	8.86617	9.56326
					}
					{VolumeView "en3.ply"}
				}
			}
			{bone revolute "wheelr11"
				{parameters "ID=trackleft;"}
				{Matrix34
					1	0	0
					0	0	-1
					0	-1	0
					-35.1849	-26.3106	-1.60584
				}
				{VolumeView "wheelr11.ply"}
			}
			{bone revolute "wheell10"
				{parameters "ID=trackleft;Radius=0.32;"}
				{Matrix34
					1	0	0
					0	0	-1
					0	1	0
					-0.641499	26.3319	-1.60584
				}
				{VolumeView "wheell10.ply"}
			}
			{bone revolute "wheell9"
				{parameters "ID=trackleft;Radius=0.32;"}
				{Matrix34
					1	0	0
					0	0	-1
					0	1	0
					36.3369	26.3319	-1.60584
				}
				{VolumeView "wheell9.ply"}
			}
			{bone revolute "wheelr8"
				{parameters "ID=trackRight;Radius=0.52;"}
				{Matrix34
					1	0	0
					0	0	-1
					0	-1	0
					-52.2013	-26.2347	-6.60737
				}
				{VolumeView "wheelr8.ply"}
			}
			{bone revolute "wheell1"
				{parameters "ID=trackleft;Radius=0.42;"}
				{Matrix34
					1	0	0
					0	0	-1
					0	1	0
					62.8057	25.7392	-5.17964
				}
				{VolumeView "wheell1.ply"}
			}
			{bone revolute "wheell11"
				{parameters "ID=trackleft;Radius=0.32;"}
				{Matrix34
					1	0	0
					0	0	-1
					0	1	0
					-35.1849	26.3319	-1.60584
				}
				{VolumeView "wheell11.ply"}
			}
			{bone revolute "wheelr10"
				{parameters "ID=trackleft;"}
				{Matrix34
					1	0	0
					0	0	-1
					0	-1	0
					-0.641499	-26.3106	-1.60585
				}
				{VolumeView "wheelr10.ply"}
			}
			{bone revolute "wheelr9"
				{parameters "ID=trackleft;"}
				{Matrix34
					1	0	0
					0	0	-1
					0	-1	0
					36.3369	-26.3106	-1.60585
				}
				{VolumeView "wheelr9.ply"}
			}
			{bone revolute "wheell8"
				{parameters "ID=trackleft;Radius=0.52;"}
				{Matrix34
					0.999996	0	-0.00272688
					-0.00272688	0	-0.999996
					0	1	0
					-52.2013	26.256	-6.60737
				}
				{VolumeView "wheell8.ply"}
			}
			{bone revolute "wheelr1"
				{parameters "ID=trackRight;Radius=0.44;"}
				{Matrix34
					1	0	0
					0	0	-1
					0	-1	0
					62.8057	-25.7179	-5.17964
				}
				{VolumeView "wheelr1.ply"}
			}
		}
	}
}
{Extension "/properties/damage_components_vol.ext"}
{Volume "body1"
	{Polyhedron "body1.vol"}
	{Bone "hull"}
	{Position 21.5355	-0.26919	6.46954}
}
{Volume "body2"
	{Polyhedron "body2.vol"}
	{Bone "body"}
	{Position 14.2078	0.0163009	-6.08071}
}
{Volume "body3"
	{Polyhedron "body3.vol"}
	{Bone "body"}
	{Position 14.2078	0.0163013	-13.6015}
}
{Volume "body4"
	{Polyhedron "body4.vol"}
	{Bone "hull"}
	{Position -9.9679	-0.269196	6.46954}
}
{Volume "body5"
	{Polyhedron "body5.vol"}
	{Bone "hull"}
	{Matrix34
		0.85762	0	0.514285
		0	1	0
		-0.514285	0	0.85762
		39.8803	-3.67628	10.8205
	}
}
{Volume "body6"
	{Polyhedron "body6.vol"}
	{Bone "hull"}
	{Position -37.8928	0.49598	8.20553}
}
{Volume "engine"
	{Polyhedron "engine.vol"}
	{Bone "engine"}
	{Position -14.8766	-8.60302	2.72448}
}
{Volume "gun"
	{Cylinder 2.45189 53}
	{Bone "gun"}
	{Matrix34
		0	-0.00294573	0.999996
		0	0.999996	0.00294573
		-1	0	0
		55.4136	0.585763	0.393484
	}
}
{Volume "mantlet"
	{Polyhedron "mantlet_su.vol"}
	{Bone "gun_rot"}
	{Matrix34
		1	0	0
		0	0.00294526	-0.999996
		0	0.999996	0.00294526
		5.59986	-10.3074	0.117017
	}
}
{Volume "trackleft"
	{Polyhedron "trackleft.vol"}
	{Bone "wheelsl"}
	{Position -6.26051	3.66984	20.2475}
}
{Volume "trackright"
	{Polyhedron "trackright.vol"}
	{Bone "wheelsr"}
	{Matrix34
		1	0	0
		0	0	-1
		0	-1	0
		-6.20613	3.60203	20.1634
	}
}
