{Skeleton
	{bone "basis"
		{parameters "WheelRadius=0.5;"}
		{Orientation
			1	0	0
			0	-1	0
			0	0	1
		}
		{Extension "/properties/damage_components.ext"}
		{bone "body"
			{parameters "ID=body;"}
			{Matrix34
				1	0	0
				0	0.999848	0.0174524
				0	-0.0174524	0.999848
				0.587862	0.0509851	19.5153
			}
			{bone "body2"
				{parameters "ID=body;"}
				{Matrix34
					0.999056	0.00414557	-0.0432465
					0	0.995437	0.0954216
					0.0434448	-0.0953315	0.994497
					4.25714	1.48452	-1.75979
				}
				{VolumeView "body_2.ply"}
				{bone revolute "turret"
					{parameters "ID=turret;"}
					{Matrix34
						0.995329	0.0046326	-0.0964264
						0	0.998848	0.0479875
						0.0965377	-0.0477634	0.994183
						7.24669	-0.0761673	11.0166
					}
					{VolumeView "turret_3.ply"}
					{bone revolute "gun_rot"
						{parameters "ID=gun;"}
						{Matrix34
							1	0	0
							0	0	1
							0	-1	0
							12.3594	0	6.83319
						}
						{VolumeView "gun_rot_2.ply"}
						{bone "gun"
							{parameters "ID=gun;"}
							{Matrix34
								0.981969	-0.0935061	0.1643
								0.165023	0	-0.98629
								0.0922241	0.995619	0.0154307
								8.90261	0.129906	0
							}
							{VolumeView "gun_2.ply"}
						}
						{bone "mgun"
							{parameters "ID=turret;"}
							{Position -1.22483	-0.91132	3.76006}
							{VolumeView "mgun_2.ply"}
						}
					}
					{bone "cover1"
						{parameters "ID=turret;"}
						{Position 0.144798	4.47997	14.0644}
						{VolumeView "cover1_2.ply"}
					}
					{bone "cover2"
						{parameters "ID=turret;"}
						{Matrix34
							-0.707107	0	-0.707107
							0	1	0
							0.707107	0	-0.707107
							0.144798	-4.47998	14.0644
						}
						{VolumeView "cover2_2.ply"}
					}
					{bone "star_label"
						{Position -11.6406	-9.8795	8.33878}
						{VolumeView "star_label.ply"}
					}
					{bone "turret_int"
						{parameters "ID=turret;"}
						{Position -4.31263	-0.0279696	2.82523}
						{VolumeView "turret_int.ply"}
					}
				}
				{bone "engine"
					{parameters "ID=engine;"}
					{Position -38.6633	-0.418633	-0.026968}
					{bone "engine_cover"
						{Matrix34
							0.996957	0.0179262	0.0758662
							-0.0194543	0.999622	0.0194506
							-0.0754888	-0.0208673	0.996928
							-1.09779	0.342463	13.0218
						}
						{VolumeView "engine_cover_2.ply"}
					}
				}
				{bone "cover4"
					{parameters "ID=body;"}
					{Position 39.4996	-0.0653036	-0.6945}
					{VolumeView "cover4.ply"}
				}
				{bone "cover3"
					{parameters "ID=body;"}
					{Position 30.3484	-0.0639307	10.6817}
					{VolumeView "cover3.ply"}
				}
			}
			{bone revolute "wheell1"
				{parameters "ID=trackleft;Radius=0.2;"}
				{Matrix34
					1	0	0
					0	0	-1
					0	-1	0
					48.2671	21.0258	-7.56457
				}
			}
			{bone revolute "wheell6"
				{parameters "ID=trackleft;Radius=0.4;"}
				{Matrix34
					0.95	0	0
					0	0	-0.95
					0	-0.95	0
					-49.5795	21.0019	-8.92952
				}
				{VolumeView "/entity/-vehicle/tank_light/x/bt7_x/wheell6.ply"}
			}
			{bone revolute "wheelr1"
				{parameters "ID=trackleft;Radius=0.2;"}
				{Matrix34
					-1	0	0
					0	0	1
					0	1	0
					48.2671	-17.9996	-6.88337
				}
				{VolumeView "/entity/-vehicle/tank_light/x/bt7_x/wheelr1.ply"}
			}
			{bone revolute "wheelr6"
				{parameters "ID=trackright;Radius=0.4;"}
				{Matrix34
					-0.95	0	0
					0	0	0.95
					0	0.95	0
					-49.5795	-18.0234	-8.24832
				}
			}
		}
		{bone "wheelsl"
			{parameters "ID=trackleft;"}
			{Position 7.27926	21.9989	6.6614}
			{bone revolute "wheell2"
				{parameters "ID=trackleft;"}
				{Matrix34
					1	0	0
					0	0	-1
					0	-1	0
					25.2533	-1.01626	1.44705
				}
				{VolumeView "/entity/-vehicle/tank_light/x/bt7_x/wheell2.ply"}
			}
			{bone revolute "wheell3"
				{parameters "ID=trackleft;"}
				{Matrix34
					1	0	0
					0	0	-1
					0	-1	0
					2.1602	-1.01626	1.44704
				}
				{VolumeView "/entity/-vehicle/tank_light/x/bt7_x/wheell2.ply"}
			}
			{bone revolute "wheell4"
				{parameters "ID=trackleft;"}
				{Matrix34
					1	0	0
					0	0	-1
					0	-1	0
					-23.2429	-1.01626	1.44704
				}
				{VolumeView "/entity/-vehicle/tank_light/x/bt7_x/wheell2.ply"}
			}
			{bone revolute "wheell5"
				{parameters "ID=trackleft;"}
				{Matrix34
					1	0	0
					0	0	-1
					0	-1	0
					-40.8763	-1.01626	1.44704
				}
				{VolumeView "/entity/-vehicle/tank_light/x/bt7_x/wheell2.ply"}
			}
		}
		{bone "wheelsr"
			{parameters "ID=trackright;"}
			{Position 7.27926	-19.6515	6.6614}
			{bone revolute "wheelr2"
				{parameters "ID=trackright;"}
				{Matrix34
					-1	0	0
					0	0	1
					0	1	0
					25.2533	2.35989	1.67562
				}
				{VolumeView "/entity/-vehicle/tank_light/x/bt7_x/wheelr2.ply"}
			}
			{bone revolute "wheelr3"
				{parameters "ID=trackright;"}
				{Matrix34
					-1	0	0
					0	0	1
					0	1	0
					2.16874	2.35989	1.67562
				}
				{VolumeView "/entity/-vehicle/tank_light/x/bt7_x/wheelr2.ply"}
			}
			{bone revolute "wheelr4"
				{parameters "ID=trackright;"}
				{Matrix34
					-1	0	0
					0	0	1
					0	1	0
					-23.2258	2.35989	1.67561
				}
				{VolumeView "/entity/-vehicle/tank_light/x/bt7_x/wheelr2.ply"}
			}
			{bone revolute "wheelr5"
				{parameters "ID=trackright;"}
				{Matrix34
					-1	0	0
					0	0	1
					0	1	0
					-40.8267	2.35989	1.67562
				}
				{VolumeView "/entity/-vehicle/tank_light/x/bt7_x/wheelr2.ply"}
			}
		}
	}
}
{Extension "/properties/damage_components_vol.ext"}
{Volume "body2"
	{Polyhedron "body2_bt7.vol"}
	{Bone "body2"}
	{Position -16.3637	-0.0733521	-12.4208}
}
{Volume "body3"
	{Polyhedron "body3_bt7.vol"}
	{Bone "body2"}
	{Position 38.9047	-0.210653	-12.0719}
}
{Volume "body"
	{Polyhedron "body_bt7.vol"}
	{Bone "body2"}
	{Position 24.0063	-0.286787	-12.3019}
}
{Volume "engine"
	{Polyhedron "engine_bt7.vol"}
	{Bone "engine"}
	{Position -16.2087	0.166637	-12.0635}
}
{Volume "gun"
	{Cylinder 1.2 25}
	{Bone "gun"}
	{Matrix34
		0	-1	0
		0	0	1
		-1	0	0
		7.37971	-0.148187	-0.0068806
	}
}
{Volume "mantlet"
	{Cylinder 5 16}
	{Bone "turret"}
	{Matrix34
		1	0	0
		0	0	1
		0	-1	0
		11.9768	0.228389	6.99273
	}
}
{Volume "turret2"
	{Polyhedron "turret2_bt7.vol"}
	{Bone "turret"}
	{Position -11.8892	0.142291	2.13626}
}
{Volume "turret"
	{Polyhedron "turret_bt7.vol"}
	{Bone "turret"}
	{Position 0.0888081	0.0933251	-0.071804}
}
{Volume "trackleft"
	{Box 107.225 5.70835 18.3099}
	{Bone "wheelsl"}
	{Position -8.60272	-1.58691	2.29973}
}
{Volume "trackright"
	{Box 107.225 5.70835 18.3099}
	{Bone "wheelsr"}
	{Position -8.60272	2.19375	2.52831}
}