;Exported by: IROKEZ
;Date:        Wed Apr 04 17:01:56 2012
;File:        C:\Program Files (x86)\Autodesk\3dsMax8\scenes\t34-57\t34-57_xx.max
{Skeleton
	{bone "basis"
		{Orientation
			1	0	0
			0	-1	0
			0	0	1
		}
		{Extension "/properties/damage_components.ext"}
		{bone "body"
			{parameters "ID=body;"}
			{Position -0.116	0	20.5125}
			{VolumeView "body_e.ply"}
			{bone "shieldr5"
				{parameters "ID=shield;"}
				{Position -29.3221	-23.2649	7.13406}
				{VolumeView "shieldr5.ply"}
			}
			{bone "shieldr10"
				{parameters "ID=shield;"}
				{Position 41.9524	-29.6488	-4.24257}
				{VolumeView "shieldr10.ply"}
			}
			{bone "shieldr12"
				{parameters "ID=shield;"}
				{Position -48.1947	-23.4285	0.395226}
				{VolumeView "shieldr12.ply"}
			}
			{bone "shieldr2"
				{parameters "ID=shield;"}
				{Position 15.8206	-23.262	7.12538}
				{VolumeView "shieldr2.ply"}
			}
			{bone "shieldr3"
				{parameters "ID=shield;"}
				{Position 0.832285	-23.2632	7.12885}
				{VolumeView "shieldr3.ply"}
			}
			{bone "shieldr4"
				{parameters "ID=shield;"}
				{Position -14.3729	-23.2643	7.13233}
				{VolumeView "shieldr4.ply"}
			}
			{bone "shieldr1"
				{parameters "ID=shield;"}
				{Position 34.2335	-23.0333	7.10167}
				{VolumeView "shieldr1.ply"}
			}
			{bone "shieldl1"
				{parameters "ID=shield;"}
				{Position 34.2335	22.9108	7.10167}
				{VolumeView "shieldl1.ply"}
			}
			{bone "shieldl2"
				{parameters "ID=shield;"}
				{Position 15.8206	23.2025	7.12538}
				{VolumeView "shieldl2.ply"}
			}
			{bone "shieldl3"
				{parameters "ID=shield;"}
				{Position 0.832282	23.2037	7.12885}
				{VolumeView "shieldl3.ply"}
			}
			{bone "shieldl4"
				{parameters "ID=shield;"}
				{Position -14.3729	23.2048	7.13233}
				{VolumeView "shieldl4.ply"}
			}
			{bone "shieldl5"
				{parameters "ID=shield;"}
				{Position -29.3221	23.2053	7.13406}
				{VolumeView "shieldl5.ply"}
			}
			{bone "shieldl12"
				{parameters "ID=shield;"}
				{Position -48.1947	23.2498	0.395222}
				{VolumeView "shieldl12.ply"}
			}
			{bone "shieldr6"
				{parameters "ID=shield;"}
				{Position 15.7061	-29.6488	-2.28343}
				{VolumeView "shieldr6.ply"}
			}
			{bone "shieldr7"
				{parameters "ID=shield;"}
				{Position 0.838841	-29.6488	-2.23982}
				{VolumeView "shieldr7.ply"}
			}
			{bone "shieldr8"
				{parameters "ID=shield;"}
				{Position -14.3044	-29.6488	-2.19621}
				{VolumeView "shieldr8.ply"}
			}
			{bone "shieldr9"
				{parameters "ID=shield;"}
				{Position -29.2813	-29.6488	-2.16452}
				{VolumeView "shieldr9.ply"}
			}
			{bone "shieldl6"
				{parameters "ID=shield;"}
				{Position 15.7061	29.4544	-2.28343}
				{VolumeView "shieldl6.ply"}
			}
			{bone "shieldl7"
				{parameters "ID=shield;"}
				{Position 0.83884	29.4544	-2.23982}
				{VolumeView "shieldl7.ply"}
			}
			{bone "shieldl8"
				{parameters "ID=shield;"}
				{Position -14.3044	29.4544	-2.19621}
				{VolumeView "shieldl8.ply"}
			}
			{bone "shieldl9"
				{parameters "ID=shield;"}
				{Position -29.2813	29.4544	-2.16452}
				{VolumeView "shieldl9.ply"}
			}
			{bone "shieldl10"
				{parameters "ID=shield;"}
				{Position 41.9524	29.4544	-4.24257}
				{VolumeView "shieldl10.ply"}
			}
			{bone revolute "mgun_rot1"
				{limits -5 5}
				{Position 41.2395	-10.8693	4.86796}
				{bone revolute "mgun_rot"
					{parameters "ID=mgun;"}
					{limits -8 5}
					{Matrix34
						1	0	0
						0	0	1
						0	-1	0
						1.67338	-0.0325937	0.465979
					}
					{VolumeView "mgun_rot.ply"}
					{bone "mgun1"
						{parameters "ID=body;"}
						{Matrix34
							1	0	0
							0	0	-1
							0	1	0
							3.15919	-1.12154	-0.000182152
						}
						{VolumeView "mgun1.ply"}
					}
				}
			}
			{bone revolute "turret"
				{parameters "ID=turret;"}
				{Position 11.134	0	18.434}
				{VolumeView "turret.ply"}
				{bone "shield11"
					{Position 1.0114641	-0.1	-6.7}
					{VolumeView "shield11.ply"}
				}
				{bone "shieldr14"
					{Position 1.0114641	-0.1	-6.7}
					{VolumeView "shieldr14.ply"}
				}
				{bone "shieldr13"
					{Position 1.0114641	-0.1	-6.7}
					{VolumeView "shieldr13.ply"}
				}
				{bone "shieldl13"
					{Position 1.0114641	-0.1	-6.7}
					{VolumeView "shieldl13.ply"}
				}
				{bone "shieldl14"
					{Position 1.0114641	-0.1	-6.7}
					{VolumeView "shieldl14.ply"}
				}
				{bone revolute "gun_rot"
					{parameters "ID=gun_rot;"}
					{limits -3 10}
					{Matrix34
						1	0	0
						0	0	1
						0	-1	0
						13.0915	-0.774502	-1.2952
					}
					{VolumeView "gun_rot.ply"}
					{bone "gun"
						{parameters "ID=gun;"}
						{Matrix34
							1	0	0
							0	0	-1
							0	1	0
							26.0773	1.40404	-0.313522
						}
						{VolumeView "gun.ply"}
					}
					{bone revolute "mgun2"
						{parameters "ID=mgun1;"}
						{limits -5 1}
						{Position 2.24937	-0.797436	4.41204}
						{VolumeView "mgun2.ply"}
					}
				}
				{bone "part4"
					{parameters "ID=turret;"}
					{Matrix34
						0.998516	0	-0.0544533
						0	1	0
						0.0544533	0	0.998516
						0.990001	0	5.41248
					}
					{VolumeView "part4.ply"}
				}
				{bone "enumerator"
					{Matrix34
						-0.969039	0.24686	0.0048189
						-0.116329	-0.473686	0.872977
						0.217786	0.845388	0.487737
						9.86009	11.2302	-1.01434
					}
					{VolumeView "enumerator.ply"}
				}
				{bone "enumerator1"
					{Matrix34
						0.967763	0.251817	0.00481885
						-0.126894	0.470966	0.872977
						0.217561	-0.845446	0.487737
						9.86009	-11.2302	-1.01434
					}
					{VolumeView "enumerator1.ply"}
				}
			}
			{bone "engine"
				{parameters "ID=engine;"}
				{Position -25.2723	0	-3.19524}
				{VolumeView "engine.ply"}
				{bone "part2"
					{parameters "ID=engine;"}
					{Matrix34
						0.998467	0	0.055344
						0	1	0
						-0.055344	0	0.998467
						-32.97	-4.95911e-005	0.448238
					}
					{VolumeView "part2.ply"}
				}
				{bone "part3"
					{parameters "ID=engine;"}
					{Matrix34
						0.999598	0	0.0283536
						0	1	0
						-0.0283536	0	0.999598
						-2.19297	0	16.4437
					}
					{VolumeView "part3.ply"}
				}
				{bone "part1"
					{parameters "ID=engine;"}
					{Matrix34
						0.984808	0	0.173648
						0	1	0
						-0.173648	0	0.984808
						-18.001	0	13.8537
					}
					{VolumeView "part1.ply"}
				}
			}
			{bone revolute "wheell1"
				{parameters "ID=trackleft;"}
				{Matrix34
					1	0	0
					0	0	-1
					0	1	0
					49.6608	24.1951	-6.29723
				}
				{VolumeView "wheell1.ply"}
			}
			{bone revolute "wheell7"
				{parameters "ID=trackleft;"}
				{Matrix34
					1	0	0
					0	0	-1
					0	1	0
					-52.1053	24.5186	-8.30809
				}
				{VolumeView "wheell7.ply"}
			}
			{bone revolute "wheelr7"
				{parameters "ID=trackright;"}
				{Matrix34
					1	0	0
					0	0	-1
					0	-1	0
					-52.1054	-24.5186	-8.30801
				}
				{VolumeView "wheelr7.ply"}
			}
			{bone revolute "wheelr1"
				{parameters "ID=trackright;"}
				{Matrix34
					1	0	0
					0	0	-1
					0	-1	0
					49.6607	-24.1951	-6.29715
				}
				{VolumeView "wheelr1.ply"}
			}
			{bone "part5"
				{parameters "ID=body;"}
				{Matrix34
					0.707107	0	0.707107
					0	1	0
					-0.707107	0	0.707107
					34.9895	5.14881	8.19492
				}
				{VolumeView "part5.ply"}
			}
		}
		{bone "wheelsr"
			{parameters "ID=trackright;"}
			{Matrix34
				1	0	0
				0	-1	0
				0	0	1
				3.70867	-21.033	9.50104
			}
			{VolumeView "wheelsr.ply"}
			{bone revolute "wheelr2"
				{parameters "ID=trackright;"}
				{Matrix34
					1	0	0
					0	0	-1
					0	1	0
					32.3292	3.12768	-0.389288
				}
				{VolumeView "wheelr2.ply"}
			}
			{bone revolute "wheelr3"
				{parameters "ID=trackright;"}
				{Matrix34
					1	0	0
					0	0	-1
					0	1	0
					13.8692	3.12768	-0.389288
				}
				{VolumeView "wheelr3.ply"}
			}
			{bone revolute "wheelr4"
				{parameters "ID=trackright;"}
				{Matrix34
					1	0	0
					0	0	-1
					0	1	0
					-6.29927	3.12768	-0.389288
				}
				{VolumeView "wheelr4.ply"}
			}
			{bone revolute "wheelr5"
				{parameters "ID=trackright;"}
				{Matrix34
					1	0	0
					0	0	-1
					0	1	0
					-23.7613	3.12768	-0.38929
				}
				{VolumeView "wheelr5.ply"}
			}
			{bone revolute "wheelr6"
				{parameters "ID=trackright;"}
				{Matrix34
					1	0	0
					0	0	-1
					0	1	0
					-41.1803	3.12768	-0.389288
				}
				{VolumeView "wheelr6.ply"}
			}
			{bone "trackr"
				{parameters "CommonMesh;ID=trackright;"}
				{Matrix34
					-1	0	0
					0	0	1
					0	1	0
					-5.42897	-21.033	0.523679
				}
				{VolumeView "trackr.ply"}
			}
		}
		{bone "wheelsl"
			{parameters "ID=trackleft;"}
			{Position 3.70867	21.033	9.50104}
			{VolumeView "wheelsl.ply"}
			{bone revolute "wheell2"
				{parameters "ID=trackleft;"}
				{Matrix34
					1	0	0
					0	0	-1
					0	1	0
					32.3292	3.12767	-0.38929
				}
				{VolumeView "wheell2.ply"}
			}
			{bone revolute "wheell3"
				{parameters "ID=trackleft;"}
				{Matrix34
					1	0	0
					0	0	-1
					0	1	0
					13.8692	3.12767	-0.38929
				}
				{VolumeView "wheell3.ply"}
			}
			{bone revolute "wheell5"
				{parameters "ID=trackleft;"}
				{Matrix34
					1	0	0
					0	0	-1
					0	1	0
					-23.7613	3.12767	-0.389292
				}
				{VolumeView "wheell5.ply"}
			}
			{bone revolute "wheell6"
				{parameters "ID=trackleft;"}
				{Matrix34
					1	0	0
					0	0	-1
					0	1	0
					-41.1803	3.12767	-0.38929
				}
				{VolumeView "wheell6.ply"}
			}
			{bone revolute "wheell4"
				{parameters "ID=trackleft;"}
				{Matrix34
					1	0	0
					0	0	-1
					0	1	0
					-6.29924	3.12767	-0.389259
				}
				{VolumeView "wheell4.ply"}
			}
			{bone "trackl"
				{parameters "CommonMesh;ID=trackleft;"}
				{Matrix34
					-1	0	0
					0	0	1
					0	1	0
					-5.42897	-21.033	0.52368
				}
				{VolumeView "trackl.ply"}
			}
		}
	}
}
{Volume "body1"
	{Polyhedron "body1.vol"}
	{Bone "body"}
	{Matrix34
		-1	0	0
		0	0	1
		0	1	0
		-29.0473	0	-3.76539
	}
}
{Volume "body2"
	{Polyhedron "body2.vol"}
	{Bone "body"}
	{Matrix34
		-1	0	0
		0	0	1
		0	1	0
		-29.0473	0	-3.76539
	}
}
{Volume "gun"
	{Cylinder 1.14022 59.648}
	{Bone "gun"}
	{Matrix34
		0	1	0
		0	0	1
		1	0	0
		-3.08734	0	0.040904
	}
}
{Volume "part1"
	{Box 11.9408 2.54824 35.029}
	{Bone "part1"}
	{Matrix34
		0.999984	0	-0.00561617
		0.00561617	0	0.999984
		0	-1	0
		6.5324	0	1.23065
	}
}
{Volume "part2"
	{Box 19.6247 0.444665 47.0498}
	{Bone "part2"}
	{Matrix34
		0.748369	0	0.663282
		-0.663282	0	0.748369
		0	-1	0
		7.87696	4.76837e-005	6.90844
	}
}
{Volume "part3"
	{Box 13.7191 0.449669 9.84031}
	{Bone "part3"}
	{Matrix34
		0.999928	0	-0.0119674
		0.0119674	0	0.999928
		0	-1	0
		6.71977	0	-0.269127
	}
}
{Volume "part4"
	{Box 13.664 0.736012 20.7926}
	{Bone "part4"}
	{Matrix34
		-1	0	0
		0	0	1
		0	1	0
		-7.17056	0	0.0228462
	}
}
{Volume "part5"
	{Box 9.75042 0.499653 10.5036}
	{Bone "part5"}
	{Matrix34
		0.86977	0	-0.493457
		0.493457	0	0.86977
		0	-1	0
		4.17703	-0.0152259	-2.66147
	}
}
{Volume "shieldl10"
	{Polyhedron "shieldl10_1.vol"}
	{Bone "shieldl10"}
	{Matrix34
		1	0	0
		0	0	1
		0	-1	0
		-11.4203	0.235683	2.02564
	}
}
{Volume "shieldl10_2"
	{Polyhedron "shieldl10_2.vol"}
	{Bone "shieldl10"}
	{Matrix34
		1	0	0
		0	0	1
		0	-1	0
		6.78875	0.233509	2.04096
	}
}
{Volume "shield11"
	{Polyhedron "shield11.vol"}
	{Bone "shield11"}
	{Position 19.2312	0.0666746	2.25225}
}
{Volume "shield11_2"
	{Polyhedron "shield11_2.vol"}
	{Bone "shield11"}
	{Position -23.3208	0.215174	1.84108}
}
{Volume "shieldl12"
	{Polyhedron "shieldl12_1.vol"}
	{Bone "shieldr12"}
	{Matrix34
		1	0	0
		0	-0.788011	0.615661
		0	-0.615661	-0.788011
		4.01913	47.2724	6.95704
	}
}
{Volume "shieldl12_2"
	{Polyhedron "shieldl12_2.vol"}
	{Bone "shieldl12"}
	{Matrix34
		1	0	0
		0	0	1
		0	-1	0
		4.14935	6.44032	-2.61215
	}
}
{Volume "shieldl1"
	{Polyhedron "shieldl1_1.vol"}
	{Bone "shieldl1"}
	{Matrix34
		1	0	0
		0	-0.788011	0.615661
		0	-0.615661	-0.788011
		-3.40576	0.933075	0.250591
	}
}
{Volume "shieldl1_2"
	{Polyhedron "shieldl1_2.vol"}
	{Bone "shieldl1"}
	{Position 3.41467	0.585278	0.222103}
}
{Volume "shieldl2"
	{Box 14.9251 13.75 0.5}
	{Bone "shieldl2"}
	{Matrix34
		1	0	0
		0	-0.788011	0.615661
		0	-0.615661	-0.788011
		0.0198002	0.487438	0.0298841
	}
}
{Volume "shieldl3"
	{Box 14.9251 13.75 0.5}
	{Bone "shieldl3"}
	{Matrix34
		1	0	0
		0	-0.788011	0.615661
		0	-0.615661	-0.788011
		0.043351	0.486317	0.0264127
	}
}
{Volume "shieldl4"
	{Box 14.9251 13.75 0.5}
	{Bone "shieldl4"}
	{Matrix34
		1	0	0
		0	-0.788011	0.615661
		0	-0.615661	-0.788011
		0.20647	0.485199	0.0229337
	}
}
{Volume "shieldl5"
	{Box 14.9251 13.75 0.5}
	{Bone "shieldl5"}
	{Matrix34
		1	0	0
		0	-0.788011	0.615661
		0	-0.615661	-0.788011
		0.113508	0.484638	0.0212018
	}
}
{Volume "shieldl6"
	{Box 14.7516 9.83439 0.5}
	{Bone "shieldl6"}
	{Matrix34
		1	0	0
		0	0	1
		0	-1	0
		0.0368834	-0.0143089	0.0665016
	}
}
{Volume "shieldl7"
	{Box 14.7516 9.83439 0.5}
	{Bone "shieldl7"}
	{Matrix34
		1	0	0
		0	0	1
		0	-1	0
		-0.13898	-0.0143089	0.022892
	}
}
{Volume "shieldl8"
	{Box 14.7516 9.83439 0.5}
	{Bone "shieldl8"}
	{Matrix34
		1	0	0
		0	0	1
		0	-1	0
		-0.02281	-0.0143089	-0.0207176
	}
}
{Volume "shieldl9"
	{Box 14.7516 9.83439 0.5}
	{Bone "shieldl9"}
	{Matrix34
		1	0	0
		0	0	1
		0	-1	0
		0.0933857	-0.0143089	-0.0524101
	}
}
{Volume "shieldr10"
	{Polyhedron "shieldr10_1.vol"}
	{Bone "shieldr10"}
	{Matrix34
		1	0	0
		0	0	1
		0	-1	0
		-11.4203	0.227589	2.02563
	}
}
{Volume "shieldr10_2"
	{Polyhedron "shieldr10_2.vol"}
	{Bone "shieldr10"}
	{Matrix34
		1	0	0
		0	0	1
		0	-1	0
		6.78875	0.225414	2.04095
	}
}
{Volume "shieldr12"
	{Polyhedron "shieldr12_1.vol"}
	{Bone "shieldl12"}
	{Matrix34
		1	0	0
		0	0.788011	0.615661
		0	-0.615661	0.788011
		4.01914	-46.9915	6.56305
	}
}
{Volume "shieldr12_2"
	{Polyhedron "shieldr12_2.vol"}
	{Bone "shieldr12"}
	{Matrix34
		1	0	0
		0	0	1
		0	-1	0
		4.14935	-5.99267	-2.61216
	}
}
{Volume "shieldr1"
	{Polyhedron "shieldr1_1.vol"}
	{Bone "shieldr1"}
	{Matrix34
		1	0	0
		0	0.788011	0.615661
		0	-0.615661	0.788011
		-3.40577	-0.708447	-0.143406
	}
}
{Volume "shieldr1_2"
	{Polyhedron "shieldr1_2.vol"}
	{Bone "shieldr1"}
	{Position 3.41466	-0.747921	0.222103}
}
{Volume "shieldr2"
	{Box 14.9251 13.75 0.5}
	{Bone "shieldr2"}
	{Matrix34
		1	0	0
		0	0.788011	0.615661
		0	-0.615661	0.788011
		0.0197973	-0.633655	0.0298923
	}
}
{Volume "shieldr3"
	{Box 14.9251 13.75 0.5}
	{Bone "shieldr3"}
	{Matrix34
		1	0	0
		0	0.788011	0.615661
		0	-0.615661	0.788011
		0.0433467	-0.632534	0.0264133
	}
}
{Volume "shieldr4"
	{Box 14.9251 13.75 0.5}
	{Bone "shieldr4"}
	{Matrix34
		1	0	0
		0	0.788011	0.615661
		0	-0.615661	0.788011
		0.206466	-0.631412	0.0229419
	}
}
{Volume "shieldr5"
	{Box 14.9251 13.75 0.5}
	{Bone "shieldr5"}
	{Matrix34
		1	0	0
		0	0.788011	0.615661
		0	-0.615661	0.788011
		0.113501	-0.630848	0.0212024
	}
}
{Volume "shieldr6"
	{Box 14.7516 9.83439 0.5}
	{Bone "shieldr6"}
	{Matrix34
		1	0	0
		0	0	1
		0	-1	0
		0.0368786	-0.0224075	0.0665016
	}
}
{Volume "shieldr7"
	{Box 14.7516 9.83439 0.5}
	{Bone "shieldr7"}
	{Matrix34
		1	0	0
		0	0	1
		0	-1	0
		-0.138985	-0.0224037	0.0228882
	}
}
{Volume "shieldr8"
	{Box 14.7516 9.83439 0.5}
	{Bone "shieldr8"}
	{Matrix34
		1	0	0
		0	0	1
		0	-1	0
		-0.0228157	-0.0224037	-0.0207214
	}
}
{Volume "shieldr9"
	{Box 14.7516 9.83439 0.5}
	{Bone "shieldr9"}
	{Matrix34
		1	0	0
		0	0	1
		0	-1	0
		0.09338	-0.0224037	-0.0524101
	}
}
{Volume "trackleft"
	{Box 10.942 20.7713 115.611}
	{Bone "wheelsl"}
	{Matrix34
		0	-1	0
		0	0	1
		-1	0	0
		-5.3646	3.03592	0.731559
	}
}
{Volume "trackright"
	{Box 10.942 20.7713 115.611}
	{Bone "wheelsr"}
	{Matrix34
		0	1	0
		0	0	1
		-1	0	0
		-5.3646	2.98483	0.731559
	}
}
{Volume "turret1"
	{Polyhedron "turret1.vol"}
	{Bone "turret"}
	{Position -1.2772	0	-5.15002}
}
{Volume "turret2"
	{Polyhedron "turret2.vol"}
	{Bone "turret"}
	{Position -1.2772	0	-5.15002}
}
{Volume "turret3"
	{Polyhedron "turret3.vol"}
	{Bone "turret"}
	{Position -1.2772	0	-5.15002}
}
{Volume "turret4"
	{Polyhedron "turret4.vol"}
	{Bone "turret"}
	{Position -1.2772	0	-5.15002}
}
{Volume "turret5"
	{Cylinder 15.956 2.3758}
	{Bone "turret"}
	{Position 0	0	-6.32363}
}
